armadillo
100*100  0,0008172634
500      0,009469845
1000     0,04030177
5000    0,7888003
10000     4,446793
20000     30,20797

num
100    0,0017315
500    0,0101289
1000   0,0370911
5000   1,0086001
10000  6,9287362
20000  52,4262677

ei
100    0,01843804
500    1,84579
1000   14,1729

lapack
100    0,0008078196
500    0,00782213
1000   0,03040618
5000   0,6745911
10000  4,134428
20000  27,63366

mkl
100    0,01232148
500    0,01783864
1000   0,0298348
5000   0,611198
10000  3,785996
20000  28,10547
